num_layers:4
mean:[0.024591806241724322, 0.5183135331746928, 0.470066002414654, 0.56384835949561, 0.5248681008865852, 0.46305390560735743]
stDev:[0.1314273419149825, 0.28276765158197126, 0.2316035932502347, 0.36073704581440125, 0.3195026805949891, 0.24821062914647968]
parameter:0
dims:['8', '8']
name:coefficient
values:[-1.4419002520939894, 0.7714154652654163, 0.0978301973149808, -0.6313314802025825, 1.1710187846338547, -2.0313835878955064, -2.483335674049425, -1.9943880216285417, -0.04030043438170655, -0.139195344281895, 0.6450325061797518, 1.0736396853156438, -0.14437132312946596, 0.8992230357886183, -0.600721868084829, -1.8909633151237446, -0.19614164208850876, -0.13274347292677874, 0.27636691712367406, 0.3185645709952703, -0.12226268762668248, 0.03223821984490776, -0.32270944906444926, -0.8942313370295997, -1.4500227124690046, -0.38941217352427693, -0.27043117054684235, 1.1589446251368998, -0.044077417008470524, 0.22074512211888464, -0.7335365906436703, 0.15387543142021043, 0.38804387236535515, -1.4150604150103607, 0.7034248167656689, 1.5550585698340516, 0.04666283729141846, 0.2125411084349514, -0.12551340539978478, -0.2266198142188937, 1.4466485776765239, 0.11243787596254479, 1.97379540150693, 0.5111795338845755, -0.0038510084801849486, 0.6527554366260652, -0.9966440350425956, 0.6437445056707615, 6.659672065919252, -8.174745053038135, 0.7137234992251696, 1.308207217930238, -12.657771734569298, 1.7783747545697581, -0.554006738560443, -1.714163646120607, -0.0855040793717053, -0.2466886534389073, -1.907652944482839, -1.0718463521155457, -0.10884744113034622, -2.6116452510159682, 0.2607206875496312, 0.6404500573397478]
parameter:1
dims:['8', '6']
name:coefficient
values:[-0.01700366, 0.004201284, 0.011584475, 0.033727545, 0.009099789, 0.02849889, 1.699222, 0.7627414, -1.6984786, -0.013075233, 0.01052851, -0.0073302346, -2.0916636, -0.073937066, 0.720711, 0.019807447, 0.078822926, 0.03444974, -0.030472694, -0.009740356, 0.020648794, -0.0033687078, -0.02981349, -0.02661287, 0.0262114, 0.013896299, 0.014674441, -0.0048955367, -0.017244324, 0.012042058, -0.39571866, 0.62286806, -0.79740715, 0.021155776, 0.084161185, 0.0297764, 0.004563968, 9.667421e-06, -0.004202341, -0.026946397, 0.021201584, 0.005583901, -0.030386917, 0.009746612, 0.033905234, -0.028317474, -0.008215737, -0.033351365]
parameter:2
dims:['6', '3']
name:coefficient
values:[-0.57080036, 2.2395883, -1.6162375, -0.61655354, 0.70662475, -0.129483, 1.0783471, -1.5194843, 0.46102938, 0.011895497, 0.008721699, -0.007952473, -0.07596838, 0.013915831, -0.007610864, 0.032155965, 0.009111534, 0.03300483]
parameter:0
dims:['8']
name:intercepts
values:[-0.13452779, 1.0516194, 1.1123531, -0.3480017, -0.41636625, 1.2363899, -0.26590502, -0.2891422]
parameter:1
dims:['6']
name:intercepts
values:[1.8962371, 0.31111324, 2.7593813, -0.47229502, 0.047396034, -0.5329611]
parameter:2
dims:['3']
name:intercepts
values:[1.3753821, 0.36444646, -1.8452243]
